Train: [0/2458/32]
epoch: 0	iter: 0	Time: 13.215 (13.215)	Data: 1.817 (1.817)	Loss: 0.6923959255218506 (0.6923959255218506)	Prec@1: tensor([43.7500]) (tensor([43.7500]))	
